15 15
5 1763 8 3698 11 1542 7 2842 2 2248 12 2044 6 3014 4 1496 1 1534 9 1534 14 1774 3 1730 10 1942 0 1616 13 1848
5 1516 8 1730 4 1739 0 1982 13 2034 10 2237 14 1529 1 1482 7 5255 6 1766 9 1801 11 1371 2 1641 3 2341 12 4553
0 3616 7 1421 5 1241 6 1387 12 1324 1 1234 14 1253 4 1318 2 1406 8 1128 3 1454 10 1354 13 1512 11 1468 9 1491
10 1825 11 1589 7 1398 4 2009 5 2140 8 2131 3 1785 13 1344 0 1577 2 1756 14 1659 9 1507 12 1398 6 1312 1 1367
12 3787 1 1697 0 1746 7 1304 3 1283 14 1661 9 2021 8 1739 5 1822 11 2020 13 1784 2 1608 10 3398 4 3382 6 2054
10 2225 7 2584 13 2341 11 1143 4 1258 0 1095 14 1146 5 1304 1 1152 9 1519 2 1879 8 1627 3 1870 12 2203 6 1888
9 1557 13 1400 6 1374 8 1221 4 1374 12 937 7 2038 3 1511 10 1233 5 1282 14 1196 2 1251 1 1354 11 1268 0 1405
2 1684 13 1270 10 1170 9 1138 14 1203 3 1209 8 1221 11 1152 5 1206 6 1216 12 1203 0 1240 4 1408 1 1232 7 1129
5 2095 11 1472 1 1126 8 1147 12 1131 7 1174 6 3111 3 3421 14 1796 10 1736 9 1707 0 1873 4 1736 13 1348 2 1445
11 1556 2 1395 9 1680 13 2076 3 1281 7 1107 8 2069 10 2078 1 1619 6 1165 12 2350 0 1839 14 2108 4 3557 5 1784
11 2772 2 1592 5 1382 14 1862 10 1312 8 1984 4 1447 13 1241 3 1758 1 1625 7 1666 0 1502 12 1914 9 3015 6 3087
2 1993 7 1807 10 3727 6 1789 8 2249 12 2238 13 1668 3 2049 4 1679 0 1797 1 2210 14 1844 11 2078 5 2547 9 1215
5 1181 8 1096 1 965 13 935 4 1384 14 11716 2 1855 12 1172 10 1991 6 3129 0 10250 11 11175 9 14758 7 10340 3 14741
8 11396 4 12165 3 11568 1 2328 13 1407 11 1631 0 2095 2 2422 12 2828 6 4413 7 8802 10 12711 14 10323 5 9892 9 9586
3 5437 14 15783 5 4347 7 6144 10 4973 1 4916 2 3465 4 2526 13 2112 6 3544 0 5999 11 5786 12 7251 8 7246 9 5175
