15 15
0 2053 13 1943 4 2008 7 6511 5 2764 11 2456 12 2114 8 1836 6 3637 3 2101 14 1811 9 1907 1 1750 10 1348 2 1189
5 1124 6 1027 13 1238 8 1438 11 1718 4 1446 9 1398 7 1223 2 1197 1 1251 14 1539 3 1640 12 2644 10 1672 0 2178
9 1902 7 1868 11 1479 6 4126 10 4770 12 4601 4 3556 5 2282 1 2516 8 2608 13 2461 14 1380 0 1282 3 1495 2 1495
3 1967 7 1385 9 1864 8 4004 1 3272 6 2872 2 2381 0 2290 14 1724 4 3776 13 2360 12 1921 5 3718 10 4202 11 3045
11 15933 7 2847 2 16940 6 1919 14 2365 10 4186 0 5705 9 1958 3 19903 13 44155 12 2505 4 3117 8 2888 5 2960 1 2515
11 1681 8 1606 14 1658 7 1957 10 2189 6 2053 12 3085 4 2611 3 1607 5 1847 0 1708 9 1876 1 2334 2 1759 13 1613
5 1727 14 1513 4 1401 11 2210 8 1693 2 1953 3 2492 1 2337 7 1898 13 2389 10 2294 0 2063 9 1983 6 1204 12 1486
2 2569 7 2384 6 1624 5 2373 1 1887 8 5966 10 3382 14 2149 12 1927 13 1274 3 1073 9 1005 4 1282 0 1658 11 2653
12 2812 11 3572 5 1132 0 2647 14 3379 8 2013 1 4008 13 5999 7 2313 2 3511 3 1681 9 1587 6 1436 10 1318 4 1575
0 1465 12 1734 4 1830 5 1846 9 1811 14 1795 2 1934 3 2045 10 1845 13 1878 6 1889 8 1942 11 2567 1 2739 7 1935
9 1843 10 1798 12 1750 2 2016 4 1945 6 1846 8 2557 11 2756 13 2460 3 2362 14 2672 1 1882 7 2387 5 1654 0 1645
1 1917 12 1659 9 1926 8 1603 10 1697 0 1798 3 3037 7 2223 13 2016 11 1967 2 1900 14 1824 5 2010 6 4641 4 5512
2 5820 8 4806 4 4785 11 4717 10 3332 13 1948 7 2208 0 2615 5 2008 3 2844 1 1939 6 1776 9 3396 14 3231 12 1787
5 3253 7 2253 13 2843 8 3312 11 3008 10 3117 1 3388 0 3995 9 2706 2 2266 12 2433 4 2433 14 2317 3 2466 6 2278
1 2279 7 2156 3 2661 14 2101 0 3127 6 1735 9 2285 12 1676 8 1504 2 1885 10 1643 5 1698 11 2350 4 2088 13 1995
