20 15
1 5159 7 5250 8 2428 9 2187 12 2168 4 1984 11 2152 3 1987 13 2034 2 2000 14 2272 10 2054 5 1962 0 1877 6 3607
12 2776 13 1942 2 2338 6 10462 5 2738 11 1661 0 1620 3 2333 9 2049 8 1900 1 2235 4 1814 7 2089 10 1836 14 2079
6 2495 2 2634 3 1710 1 2134 14 1607 0 2240 9 1812 5 1745 4 1568 13 1296 12 1489 7 1676 8 2186 10 1792 11 1869
12 1868 4 1740 8 2300 14 2551 6 2121 0 1921 2 2534 1 1586 13 1826 11 2133 10 1912 7 2047 3 2123 5 2353 9 2358
6 3547 8 2576 11 2527 14 2497 1 2065 13 1951 3 1871 12 2622 5 1728 10 2374 0 2025 9 2963 2 4498 7 5338 4 4146
1 1770 10 1953 12 4436 7 7936 8 2208 14 4372 2 3982 3 2708 0 1520 9 5057 6 7240 5 3484 13 2850 4 3608 11 4094
9 13617 0 3010 10 1905 13 1912 1 1860 5 1941 7 2157 12 2337 4 2541 14 2401 11 2524 2 2513 3 2346 8 2541 6 2384
6 2369 2 2305 8 2416 5 3335 10 2627 12 7958 3 15379 0 2344 1 2351 11 2518 14 2436 4 2349 13 2634 9 2559 7 2282
5 2234 8 2249 10 2248 13 2223 14 2131 3 2260 2 2159 1 2288 0 2445 4 2278 9 2173 6 2262 7 2278 12 1791 11 1426
6 1013 12 862 10 373 5 426 1 418 8 420 11 417 7 389 0 349 14 377 4 383 2 367 13 351 3 360 9 350
11 369 12 371 8 361 6 364 5 386 2 379 10 379 9 382 0 372 3 368 4 385 1 368 7 379 14 364 13 366
12 364 2 354 5 366 7 368 13 370 10 366 4 367 9 400 1 374 0 361 6 366 11 366 14 363 3 368 8 367
3 366 14 370 12 391 0 370 4 365 8 360 13 372 10 362 7 360 2 361 1 365 5 362 9 364 6 376 11 369
5 360 6 364 7 364 11 365 14 361 3 362 10 366 9 347 13 368 4 390 2 390 0 368 12 362 8 366 1 393
3 392 14 388 8 424 4 380 13 360 9 377 11 393 6 375 2 361 5 360 0 361 1 367 7 360 12 370 10 360
11 361 13 365 14 357 12 362 10 360 2 361 9 364 3 364 0 383 8 408 4 403 6 412 1 403 5 377 7 363
0 393 7 401 4 357 12 363 8 360 3 367 13 358 10 363 1 358 9 370 11 387 5 379 14 392 2 386 6 384
13 379 2 397 8 389 5 394 14 390 6 386 11 404 7 408 10 419 0 421 12 407 1 404 3 399 4 397 9 401
8 402 11 384 1 422 5 402 9 380 4 260336 13 421 12 393 14 388 0 398 10 396 2 376 3 388 6 419 7 370
11 417 13 426 3 410 8 407 10 408 7 401 9 410 0 415 6 412 4 38136 14 1668 12 1309 5 1206 1 1857 2 1408
