20 15
4 5903 0 8084 6 6379 9 7557 7 6401 14 8074 8 5743 5 2660 3 3305 11 2266 2 1870 1 2254 10 2071 13 1789 12 1834
5 3291 1 2511 8 1757 14 1529 13 1214 10 1741 3 1305 0 1331 11 1593 4 2067 2 17055 6 2177 7 1962 9 1639 12 1576
1 1312 14 1195 6 1199 0 1238 12 1426 2 1251 7 1230 13 1964 11 1516 5 3658 8 2436 4 1687 10 1725 3 1695 9 1834
4 4644 0 6070 6 5708 11 3815 5 3007 7 2987 3 5127 14 4420 1 3596 10 3908 9 7091 2 6639 8 6642 12 4019 13 5406
14 8211 0 9110 8 11415 4 2724 3 9973 1 6920 6 4545 2 3548 9 8543 5 8119 13 5683 10 7152 11 6171 12 5564 7 6397
5 7697 10 5223 11 3259 1 3757 0 12349 14 6190 6 8019 13 7336 9 4220 4 2811 8 2720 3 2893 7 10895 12 4178 2 2310
13 4825 12 14126 4 9057 7 12459 14 10855 6 4004 1 1406 0 8057 8 10913 3 11084 10 6396 9 5031 11 3481 2 3409 5 3091
1 5046 6 2435 3 1780 7 3083 14 2233 10 1789 12 3686 4 4064 13 3503 8 3813 9 3832 2 2961 5 4253 0 9398 11 11888
11 11229 1 10279 7 10022 3 10966 6 7754 8 9329 2 4258 14 4334 13 4153 9 4408 12 3151 0 4012 10 9443 4 13425 5 9941
13 10859 14 8958 1 3803 0 5246 10 4356 3 3728 9 5213 7 8324 6 9717 8 2761 4 2557 12 2149 2 2516 5 2246 11 2048
14 3606 11 3028 4 3001 13 2436 7 2577 10 2432 3 2610 5 2588 1 2201 0 2737 8 4477 12 3481 2 4718 6 4024 9 2788
3 2586 11 1877 8 2147 12 2783 13 2041 4 1851 1 1749 14 2066 7 1861 10 2844 0 1799 5 1976 6 2954 9 2978 2 2356
12 2570 13 1801 14 1624 10 3272 5 2984 3 2661 9 3206 7 1886 1 1761 6 3251 4 4563 2 3122 8 3946 0 2640 11 3176
9 3766 6 2986 0 2870 1 2449 11 2378 4 2548 7 2774 2 2862 13 2760 12 4540 3 7278 10 2592 5 3076 8 1892 14 2100
11 2890 9 2943 13 2829 12 2218 14 4206 1 2509 3 2999 0 4444 10 2133 2 2943 8 2007 6 2581 4 2121 7 2829 5 2321
8 2200 13 2193 2 3268 7 1752 0 2332 1 1960 4 2026 9 2156 10 1850 6 2684 11 2137 14 1451 3 1287 12 3120 5 2199
2 1188 14 1104 0 3333 9 1788 3 3106 11 1903 13 3688 10 1996 6 3867 4 2586 7 3145 12 3001 5 2435 1 2083 8 1426
5 3317 10 2235 0 2166 14 1994 8 1924 2 1913 3 1646 1 4154 13 6068 6 6013 11 1356 7 1337 9 3301 4 2434 12 1953
12 1504 5 1611 1 1579 7 1639 8 1715 4 1577 0 2742 9 2664 2 2144 10 3442 3 3722 14 3064 6 4028 11 4770 13 5368
9 4249 1 2163 13 1859 12 1311 7 1296 2 1385 6 1557 11 2182 5 2089 14 2194 3 2028 4 1917 10 2765 8 1990 0 2309
