20 15
2 2269 5 2182 12 2417 0 2588 4 3471 11 1730 3 1812 8 1768 14 1846 10 3353 7 1887 9 1261 13 3610 1 1521 6 1702
7 1585 13 2045 3 1637 5 1271 9 952 8 1217 12 1319 0 3153 10 1215 11 1256 1 1178 4 1393 2 1554 14 1503 6 1615
5 1557 9 1888 8 1122 10 1579 0 1742 13 1793 14 1487 2 1720 4 1594 11 1782 6 1697 12 1726 3 1456 7 2508 1 1663
6 2545 13 1692 0 1930 9 1986 5 1735 14 1349 7 1512 11 1468 3 1314 12 1339 10 1568 1 965 4 1372 8 1856 2 2195
13 2317 10 1399 4 870 5 1669 2 1991 0 2105 8 2440 1 1443 11 1058 3 1800 12 3486 6 3057 14 1127 7 1662 9 1516
9 4657 0 2074 1 1800 11 2218 6 1125 5 3193 2 8068 12 9240 4 7391 3 4496 14 3104 13 1132 8 3308 7 3724 10 2147
4 3441 11 3439 5 4879 8 3273 10 5950 14 3658 0 1327 7 5760 9 1368 2 1293 6 1721 12 2330 3 1752 1 1896 13 1797
10 1790 13 1806 14 1861 6 1830 2 1891 9 1958 0 2390 4 1950 8 1833 7 1352 1 1245 5 1176 11 1286 12 1179 3 1374
10 1523 14 1492 12 1225 3 1600 2 1185 6 1098 1 1214 5 1171 13 1164 0 1181 7 1109 4 1140 8 1285 9 1179 11 1123
10 2300 2 1247 13 1321 4 1135 9 1114 3 1138 7 5095 14 5078 6 4713 8 4094 1 2346 5 2546 11 2248 0 1693 12 1566
0 1240 7 1418 3 1422 2 2133 4 1127 13 1248 5 3611 10 1153 12 1039 1 1214 9 1128 14 1263 8 1380 6 1119 11 1298
6 1920 11 1844 10 1380 4 1413 0 1457 3 1347 8 1791 12 1554 9 1464 1 2302 5 2238 7 2215 13 2037 14 2026 2 1844
7 1606 11 1758 13 1935 0 1903 12 1721 6 1660 5 1922 3 1900 4 1752 14 3005 10 1901 9 1855 2 2102 1 1431 8 1266
4 1111 12 1157 8 871 9 1057 14 989 10 1184 7 1179 5 1305 13 1687 1 1718 3 1188 0 866 6 2134 2 2773 11 2121
1 2940 14 1437 6 1575 12 2008 3 4810 11 2353 2 1795 10 1731 9 2127 0 4419 8 2104 5 1943 4 2306 7 1981 13 2886
12 3080 7 2306 10 2308 11 2700 3 2282 8 1605 2 3677 14 3387 5 2504 6 3431 0 3537 1 3741 4 5522 9 5123 13 1355
11 1346 6 1247 5 1225 0 1436 8 1941 12 1818 13 3242 10 2031 7 1790 1 1920 2 1722 14 1834 9 1910 3 1866 4 2244
5 2451 7 1762 4 1797 3 1761 2 1700 6 1722 0 1835 10 1533 8 1231 14 1808 9 1332 1 1164 12 1230 11 1152 13 1129
0 1226 1 1196 2 1197 5 1181 9 1105 7 1213 3 1146 14 1121 10 1070 13 2308 4 1164 12 1115 8 1145 11 1139 6 1105
6 4284 14 2863 13 2226 12 1736 7 1729 9 1976 4 2037 10 1883 5 2128 1 1496 11 1315 0 1521 2 2751 8 1418 3 1198
