20 15
4 2319 8 1891 7 1053 11 1636 2 1087 13 1148 10 4150 14 4911 0 2898 5 2617 1 1780 6 1480 9 1911 3 2961 12 1495
11 1717 14 1510 4 2239 8 2867 13 2051 2 1986 9 4191 5 3767 0 8953 7 3030 6 2901 12 2413 1 2372 3 2031 10 1795
14 2533 5 2667 7 3388 6 2994 4 2484 0 2438 12 2270 9 2417 8 1959 11 1997 2 1331 3 1775 1 2088 10 2722 13 1813
13 1576 8 1950 12 1883 5 2369 3 2054 4 1843 10 2399 14 2990 9 3025 0 3913 2 4144 11 3055 7 2995 6 2998 1 2532
0 2992 12 2399 4 2429 5 2450 1 2669 7 2673 14 2901 9 2303 13 2660 11 4772 2 3933 8 3582 6 3939 10 2859 3 3709
10 3222 13 2379 12 1793 7 2537 1 2502 9 1426 0 4323 3 5914 4 6975 8 4109 6 4860 5 2594 11 3149 2 2490 14 1449
2 1639 10 1944 12 7424 5 2398 13 2428 11 6619 8 5796 6 4720 4 3890 1 3761 0 6968 3 7888 7 4805 9 4411 14 4144
14 1331 13 1395 12 1237 6 1285 4 1824 9 2046 7 1973 5 1500 10 1066 1 2208 0 1246 8 1434 11 1046 2 3672 3 1359
6 2023 0 1565 5 1242 14 1591 10 1284 7 1181 12 1301 11 1249 13 1022 3 1427 4 1280 1 1182 2 1183 8 1170 9 1185
6 1346 1 1153 8 1241 7 1442 10 1226 11 1131 14 1118 3 1215 2 1098 12 2064 9 2609 0 1488 4 1264 5 1495 13 1515
8 2872 13 4619 7 2213 5 2333 3 2383 6 2450 0 3446 10 2574 4 2422 11 2850 2 2787 9 2680 12 3198 14 2863 1 1534
14 1999 8 3215 3 2065 2 2989 12 2367 5 2742 9 2857 11 1966 13 3061 4 3351 7 4370 0 2826 1 2670 10 2849 6 2148
6 1235 13 1512 0 1361 10 1417 5 1521 14 1206 12 1511 11 1761 3 1297 7 1833 9 1508 4 1494 8 1823 1 1964 2 1264
9 1284 2 1187 1 1158 12 1702 7 2117 5 1917 11 1631 6 2324 8 2137 10 1651 3 1469 0 1338 14 1117 4 7873 13 2518
2 2228 1 1175 11 1198 7 1615 10 2327 8 1131 0 3134 6 2917 12 2278 9 2227 3 2279 5 2300 4 1508 14 1930 13 6095
10 1513 12 1491 2 1448 4 2658 14 1946 13 1696 11 1061 8 1445 5 1644 9 1997 6 2172 3 1907 1 2300 7 2033 0 1828
5 3328 4 3808 1 5180 9 4715 2 3076 10 3628 0 3752 11 2761 13 5211 12 10889 7 11680 6 11056 3 8800 14 3587 8 2700
13 2517 6 2560 2 2529 8 3310 12 2626 5 2664 10 2520 1 2598 4 2526 7 6468 14 2784 3 2495 0 3739 9 2455 11 2907
9 2743 11 2430 2 2833 13 2867 4 2529 12 15713 10 2495 0 2313 7 4259 1 2384 5 2426 6 2912 14 2790 3 2219 8 2176
1 2101 6 2033 2 1960 5 2605 9 2472 14 3152 8 2054 4 2582 11 1997 10 2914 12 11470 7 4270 0 4767 3 6008 13 9220
