30 15
12 1072 7 865 13 822 14 856 4 865 11 898 6 1028 8 1108 1 821 3 2380 10 1939 9 1586 2 1757 0 1715 5 1290
3 4633 7 3135 0 2238 1 2313 12 2108 14 2185 10 2306 6 1995 4 2178 13 2170 11 1987 9 1224 8 1939 5 1885 2 3189
7 4194 4 3837 6 923 10 1052 8 1676 14 1286 12 2172 2 1499 3 1300 5 2129 9 1625 13 1751 11 1591 0 2007 1 1752
9 1392 11 2265 1 1800 5 2496 8 969 4 2926 10 1338 13 3201 12 3133 3 3024 6 2663 0 2975 2 2083 14 3193 7 2223
3 2535 8 2920 2 2418 1 3497 11 2297 10 1885 9 3028 6 2130 0 2456 7 2099 12 2255 13 1605 4 2559 5 2465 14 1626
1 2123 2 1574 11 3710 6 2599 3 1944 7 3340 10 2357 4 2591 5 2700 9 2108 14 3619 12 3708 8 5056 0 5326 13 4198
12 4159 8 2454 2 1336 10 3640 13 1128 0 1327 4 1539 3 1391 5 1163 1 1648 6 2015 9 2189 11 2099 14 2659 7 2183
4 3496 0 3561 9 2733 13 4737 6 5327 11 3876 5 2671 1 1968 7 1865 8 1975 10 1725 2 1793 3 1865 12 1932 14 2300
9 2832 0 2423 7 2575 8 2641 4 1824 1 1896 2 1926 12 1621 13 1461 10 1891 14 1159 11 1450 5 1222 3 1121 6 1331
14 1355 1 1351 11 1683 3 1571 9 1516 5 1213 0 1219 7 1375 6 1298 10 1334 13 1283 8 1377 12 1360 4 1200 2 1262
8 1211 6 1202 12 1267 9 1562 3 970 1 675 10 396 2 372 11 364 13 393 14 411 4 418 7 387 5 363 0 354
5 402 4 378 12 377 9 369 2 355 0 386 10 374 8 375 1 369 13 353 3 377 14 371 7 357 6 372 11 372
1 371 10 352 8 370 12 367 3 367 4 369 14 367 6 355 0 380 2 365 11 345 13 380 9 370 7 350 5 381
1 374 13 370 9 351 3 344 5 383 12 347 8 356 6 336 7 335 11 364 4 381 10 329 0 340 14 335 2 332
9 342 7 328 6 331 2 332 8 335 4 333 12 342 5 334 1 339 3 339 11 334 10 334 14 331 13 328 0 339
12 330 2 331 3 333 9 332 10 334 4 334 8 339 1 344 0 339 14 325 11 325 5 328 7 337 13 333 6 329
5 336 7 328 12 336 8 328 10 338 9 328 6 331 4 349 13 335 1 344 14 333 2 327 0 339 3 355 11 363
5 324 12 342 13 337 1 334 11 138562 4 1473 7 1455 2 1910 3 1506 0 1614 6 1771 10 1743 8 1781 9 1679 14 1657
5 1634 1 1201 12 1422 14 2605 11 2574 9 2727 13 1629 6 1707 3 1770 4 1816 0 2122 10 2163 8 1927 2 1929 7 1553
1 1771 2 1802 14 1741 3 1616 13 1656 11 1645 7 1779 6 1596 12 1504 8 1582 4 1552 10 1474 0 2405 5 1603 9 1440
9 1516 2 1561 8 1670 3 4031 10 2130 7 1876 0 1884 4 1664 13 1593 6 1849 11 1964 5 2096 1 1838 14 1668 12 2478
13 2547 11 1232 6 1777 12 2603 9 1748 0 1093 4 1160 14 996 3 1069 5 1787 2 1071 8 1302 7 1602 10 1426 1 1340
4 1264 7 1473 12 1465 0 1452 9 1315 2 1086 10 1179 14 2283 6 2252 5 2069 13 1962 3 3208 1 1420 11 1165 8 1389
12 1450 14 1552 13 1305 2 1385 4 1083 3 1152 6 1684 9 985 11 978 0 989 10 916 7 944 8 933 5 1199 1 1003
8 549 5 621 14 759 9 1277 7 1074 6 1197 11 1344 4 870 3 936 1 2683 12 1820 10 1987 2 1968 0 1773 13 1488
1 2164 11 2491 10 1831 9 1066 4 1663 8 1424 7 4587 13 2145 6 2046 0 2204 12 2098 14 2952 3 2745 5 2745 2 3098
7 3202 10 2164 2 1539 5 3061 3 2944 9 2648 6 2283 13 2350 8 3875 12 3723 11 1295 1 1318 0 1246 14 1278 4 1250
0 1202 9 1592 1 2002 8 2257 12 1512 5 1394 3 1363 4 1623 2 1145 11 1834 14 963 6 1613 13 2904 7 3547 10 1369
4 2802 0 1194 12 1064 2 1201 3 1164 5 1353 14 1345 9 1244 1 1066 10 1513 7 1183 11 1074 6 1145 13 1057 8 1113
13 1148 1 1125 3 1121 10 1100 8 969 12 846 7 2165 4 1211 0 1121 14 1223 5 1137 2 1063 6 4310 11 4177 9 2164
