30 15
13 2319 0 1891 4 1053 6 1636 1 1087 3 1148 12 4150 9 4911 7 2898 5 2617 11 1780 8 1480 2 1911 14 2961 10 1495
11 1717 5 1510 7 2239 13 2867 0 2051 6 1986 4 4191 12 3767 10 8953 2 3030 1 2901 3 2413 14 2372 9 2031 8 1795
1 2533 11 2667 4 3388 5 2994 8 2484 14 2438 12 2270 2 2417 10 1959 9 1997 0 1331 3 1775 7 2088 6 2722 13 1813
3 1576 4 1950 11 1883 14 2369 13 2054 9 1843 5 2399 12 2990 8 3025 10 3913 2 4144 6 3055 0 2995 7 2998 1 2532
3 2992 9 2399 7 2429 5 2450 14 2669 13 2673 0 2901 11 2303 6 2660 2 4772 4 3933 10 3582 1 3939 8 2859 12 3709
4 3222 10 2379 6 1793 3 2537 12 2502 11 1426 5 4323 9 5914 2 6975 1 4109 0 4860 8 2594 7 3149 13 2490 14 1449
12 1639 4 1944 13 7424 3 2398 7 2428 5 6619 10 5796 2 4720 1 3890 11 3761 14 6968 0 7888 9 4805 6 4411 8 4144
5 1331 13 1395 14 1237 0 1285 11 1824 9 2046 12 1973 6 1500 3 1066 4 2208 7 1246 8 1434 10 1046 1 3672 2 1359
8 2023 3 1565 2 1242 6 1591 13 1284 14 1181 0 1301 9 1249 4 1022 1 1427 10 1280 5 1182 11 1183 12 1170 7 1185
3 1346 0 1153 11 1241 6 1442 7 1226 1 1131 10 1118 9 1215 13 1098 14 2064 5 2609 12 1488 8 1264 2 1495 4 1515
10 2872 12 4619 13 2213 0 2333 8 2383 2 2450 11 3446 4 2574 14 2422 1 2850 9 2787 5 2680 6 3198 7 2863 3 1534
10 1999 8 3215 1 2065 7 2989 4 2367 12 2742 2 2857 5 1966 0 3061 9 3351 11 4370 3 2826 13 2670 14 2849 6 2148
7 1235 3 1512 2 1361 14 1417 1 1521 4 1206 8 1511 0 1761 13 1297 9 1833 10 1508 12 1494 5 1823 6 1964 11 1264
13 1284 0 1187 10 1158 8 1702 1 2117 2 1917 5 1631 14 2324 12 2137 3 1651 9 1469 11 1338 7 1117 4 7873 6 2518
3 2228 0 1175 10 1198 7 1615 14 2327 5 1131 11 3134 9 2917 1 2278 4 2227 13 2279 8 2300 6 1508 12 1930 2 6095
0 1513 12 1491 6 1448 13 2658 7 1946 9 1696 10 1061 11 1445 14 1644 1 1997 8 2172 3 1907 2 2300 4 2033 5 1828
8 3328 4 3808 6 5180 11 4715 0 3076 14 3628 1 3752 2 2761 10 5211 7 10889 9 11680 13 11056 5 8800 12 3587 3 2700
4 2517 13 2560 0 2529 6 3310 7 2626 11 2664 5 2520 9 2598 12 2526 2 6468 3 2784 10 2495 1 3739 14 2455 8 2907
7 2743 11 2430 1 2833 5 2867 12 2529 10 15713 6 2495 13 2313 4 4259 2 2384 0 2426 8 2912 3 2790 14 2219 9 2176
10 2101 0 2033 1 1960 5 2605 11 2472 12 3152 3 2054 9 2582 14 1997 4 2914 6 11470 2 4270 13 4767 8 6008 7 9220
2 5159 7 5250 1 2428 3 2187 0 2168 14 1984 4 2152 6 1987 5 2034 9 2000 12 2272 10 2054 11 1962 8 1877 13 3607
0 2776 9 1942 8 2338 1 10462 10 2738 4 1661 13 1620 11 2333 6 2049 7 1900 3 2235 2 1814 5 2089 14 1836 12 2079
1 2495 4 2634 11 1710 2 2134 0 1607 13 2240 7 1812 8 1745 6 1568 12 1296 5 1489 10 1676 9 2186 14 1792 3 1869
2 1868 9 1740 11 2300 4 2551 7 2121 1 1921 0 2534 13 1586 12 1826 6 2133 5 1912 3 2047 14 2123 10 2353 8 2358
13 3547 1 2576 8 2527 4 2497 6 2065 5 1951 10 1871 2 2622 3 1728 7 2374 9 2025 0 2963 11 4498 12 5338 14 4146
7 1770 5 1953 3 4436 8 7936 11 2208 12 4372 6 3982 1 2708 0 1520 10 5057 2 7240 14 3484 9 2850 13 3608 4 4094
13 13617 2 3010 12 1905 5 1912 14 1860 6 1941 8 2157 3 2337 9 2541 10 2401 1 2524 4 2513 0 2346 11 2541 7 2384
3 2369 4 2305 1 2416 7 3335 9 2627 2 7958 6 15379 12 2344 8 2351 11 2518 13 2436 10 2349 0 2634 5 2559 14 2282
9 2234 5 2249 3 2248 7 2223 1 2131 14 2260 6 2159 0 2288 2 2445 4 2278 13 2173 10 2262 8 2278 11 1791 12 1426
13 1013 8 862 14 373 2 426 1 418 10 420 4 417 3 389 12 349 5 377 7 383 9 367 0 351 6 360 11 350
