30 15
7 2081 14 2233 9 1752 1 1701 6 2016 11 1601 4 1769 13 1519 0 1626 3 1670 8 1664 2 1856 12 1859 5 1685 10 1608
14 1995 2 2124 9 1776 8 2432 7 2724 11 2675 6 2140 0 1955 12 1833 10 2602 4 3293 3 2335 1 2085 13 2392 5 2096
7 3364 3 1767 13 2265 6 1577 2 2167 11 2191 4 2751 12 2982 14 2422 5 2792 9 2192 1 1826 0 3637 10 4273 8 3468
1 3046 12 4010 8 4582 5 4977 13 4840 4 3101 3 2044 6 2010 2 1987 0 2191 14 2482 11 2266 10 2200 9 2406 7 2489
0 2569 10 2480 6 2248 5 2402 2 3219 14 2546 9 2855 4 3385 13 2749 8 2361 7 2071 1 2122 12 2032 3 2026 11 1991
1 2360 10 2217 9 1999 7 1925 14 2023 5 2286 6 2058 2 1985 11 1999 0 1817 3 1601 8 1689 12 2072 13 1936 4 1582
13 1526 1 1058 4 843 8 769 0 746 9 759 11 729 3 766 14 766 7 754 5 751 6 750 10 752 12 754 2 757
11 810 3 839 4 753 5 382 0 390 12 381 9 395 1 398 8 390 7 383 6 399 13 389 10 389 2 389 14 385
6 371 13 342 12 381 4 378 2 371 8 396 14 387 11 376 3 379 10 389 1 367 9 350 0 350 7 360 5 385
8 445 4 396 13 435 3 427 6 435 0 457 12 402 2 412 1 430 5 447 11 380 14 404 7 361 9 354 10 361
11 445 2 401 1 389 9 394 13 399 14 428 5 424 12 411 7 384 6 358 4 414 8 442 0 395 3 393 10 344
14 448 11 394 1 372 10 388 12 475 7 417 8 406 5 436 4 363 13 373 3 395 9 377 0 356 2 370 6 457
0 415 10 396 9 418 6 488 11 430 7 424 3 445 2 385 5 391 13 396 12 388 14 379 1 396 4 385 8 385
0 393 4 383 14 382 10 385 5 386 6 388 9 390 7 385 3 389 8 384 1 381 11 386 12 389 2 381 13 391
14 381 12 389 4 389 8 363 5 358 9 364 7 362 10 366 3 378 0 392 6 364 1 363 11 363 2 361 13 362
8 363 4 361 5 361 11 362 12 366 13 365 1 365 10 363 7 232459 0 370 2 387 3 383 9 395 6 391 14 381
12 402 11 411 10 414 2 16187 8 1112 13 1665 7 1757 6 1675 1 1626 5 1509 14 1605 0 1544 4 2428 9 2025 3 1973
8 2762 6 2523 12 1359 14 1772 9 1263 3 1276 13 1592 0 1587 4 1484 5 1728 11 1278 1 1251 10 1522 7 1895 2 1657
0 1607 3 1609 10 1456 11 1705 13 1307 4 3182 14 1437 2 1660 9 2038 5 1371 12 1587 1 1028 8 1048 7 1234 6 1230
14 1421 12 1420 8 1003 9 1546 4 1227 1 960 3 1277 10 860 7 970 2 890 13 866 5 871 6 926 0 976 11 1016
14 1073 13 1052 7 1172 11 2740 4 1892 5 1252 1 1910 3 2280 6 1733 8 1633 9 1616 10 1012 2 1363 12 1804 0 1750
10 1499 9 1190 13 1217 1 3328 12 1999 4 1277 8 1090 14 1188 2 1064 11 1213 7 1619 3 1597 5 2922 0 1407 6 1010
9 2304 10 2948 13 2506 5 2149 11 2331 2 2661 1 4559 6 2270 12 1463 0 1488 3 1444 8 1201 7 1493 4 1459 14 1250
14 1222 2 1696 3 1571 10 1366 6 1577 7 1616 9 1894 12 1427 0 1435 5 2306 8 1954 11 1450 4 1582 1 1641 13 1237
10 1653 1 1879 2 1955 0 2045 14 1915 13 1800 8 1825 11 1728 7 1540 4 1716 12 1497 9 1708 6 1833 5 1719 3 1678
10 2019 3 2201 0 2206 6 3008 13 2040 5 1701 11 1860 9 1668 1 1801 7 3517 4 2831 8 2320 2 2546 12 2422 14 2579
12 2640 7 2059 10 1987 1 2210 3 1909 0 1784 9 2752 11 1745 4 1695 13 4162 5 1919 8 2171 6 2069 2 2111 14 1758
5 2000 0 1885 6 1901 7 1958 14 2909 3 1907 9 2034 11 2004 2 1931 12 2032 8 2306 4 2225 1 2704 13 2296 10 3844
14 2754 0 2967 7 2972 3 2011 8 1748 12 2298 10 2484 11 2270 13 2289 9 2937 1 2416 6 2275 5 3262 4 5837 2 4930
6 6325 10 5019 1 3495 3 6443 13 4848 7 5076 11 4234 2 4655 4 5045 8 4840 0 4052 5 4656 12 6078 14 5192 9 6255
