50 15
4 2319 11 1891 6 1053 13 1636 8 1087 1 1148 0 4150 7 4911 9 2898 3 2617 2 1780 14 1480 5 1911 10 2961 12 1495
0 1717 9 1510 4 2239 10 2867 12 2051 11 1986 7 4191 8 3767 3 8953 6 3030 1 2901 13 2413 14 2372 5 2031 2 1795
11 2533 12 2667 0 3388 8 2994 7 2484 5 2438 9 2270 14 2417 4 1959 1 1997 6 1331 3 1775 10 2088 13 2722 2 1813
11 1576 8 1950 3 1883 12 2369 2 2054 6 1843 0 2399 1 2990 9 3025 14 3913 7 4144 10 3055 4 2995 13 2998 5 2532
3 2992 2 2399 0 2429 9 2450 1 2669 10 2673 7 2901 6 2303 13 2660 12 4772 14 3933 5 3582 11 3939 4 2859 8 3709
1 3222 12 2379 6 1793 3 2537 10 2502 9 1426 14 4323 0 5914 4 6975 13 4109 11 4860 2 2594 8 3149 5 2490 7 1449
9 1639 8 1944 14 7424 1 2398 7 2428 13 6619 10 5796 12 4720 6 3890 4 3761 11 6968 2 7888 0 4805 5 4411 3 4144
5 1331 9 1395 0 1237 10 1285 13 1824 6 2046 7 1973 11 1500 4 1066 1 2208 12 1246 14 1434 3 1046 8 3672 2 1359
4 2023 10 1565 6 1242 13 1591 11 1284 14 1181 7 1301 2 1249 5 1022 1 1427 9 1280 0 1182 3 1183 12 1170 8 1185
11 1346 0 1153 3 1241 5 1442 9 1226 7 1131 13 1118 12 1215 8 1098 14 2064 2 2609 1 1488 4 1264 6 1495 10 1515
12 2872 5 4619 3 2213 6 2333 1 2383 13 2450 10 3446 7 2574 8 2422 4 2850 0 2787 9 2680 14 3198 11 2863 2 1534
1 1999 12 3215 4 2065 10 2989 3 2367 11 2742 13 2857 8 1966 0 3061 6 3351 14 4370 5 2826 7 2670 9 2849 2 2148
12 1235 10 1512 7 1361 11 1417 1 1521 13 1206 6 1511 5 1761 2 1297 8 1833 4 1508 14 1494 0 1823 3 1964 9 1264
1 1284 2 1187 6 1158 7 1702 5 2117 3 1917 4 1631 0 2324 12 2137 8 1651 9 1469 10 1338 13 1117 11 7873 14 2518
0 2228 11 1175 2 1198 13 1615 8 2327 9 1131 12 3134 6 2917 14 2278 1 2227 4 2279 5 2300 7 1508 10 1930 3 6095
11 1513 8 1491 13 1448 5 2658 6 1946 0 1696 14 1061 9 1445 3 1644 2 1997 7 2172 10 1907 1 2300 12 2033 4 1828
4 3328 13 3808 5 5180 11 4715 9 3076 2 3628 3 3752 12 2761 0 5211 7 10889 6 11680 8 11056 14 8800 1 3587 10 2700
3 2517 11 2560 7 2529 10 3310 5 2626 9 2664 4 2520 12 2598 1 2526 6 6468 13 2784 0 2495 8 3739 2 2455 14 2907
14 2743 1 2430 11 2833 13 2867 7 2529 3 15713 12 2495 4 2313 8 4259 0 2384 9 2426 10 2912 2 2790 6 2219 5 2176
5 2101 13 2033 14 1960 7 2605 9 2472 4 3152 3 2054 1 2582 6 1997 11 2914 10 11470 12 4270 2 4767 8 6008 0 9220
5 5159 8 5250 4 2428 11 2187 2 2168 3 1984 12 2152 6 1987 0 2034 10 2000 9 2272 14 2054 7 1962 13 1877 1 3607
8 2776 14 1942 4 2338 13 10462 11 2738 1 1661 7 1620 6 2333 0 2049 5 1900 9 2235 2 1814 3 2089 12 1836 10 2079
13 2495 10 2634 2 1710 14 2134 8 1607 5 2240 1 1812 12 1745 3 1568 7 1296 11 1489 9 1676 0 2186 6 1792 4 1869
3 1868 12 1740 10 2300 5 2551 11 2121 13 1921 7 2534 9 1586 1 1826 6 2133 8 1912 4 2047 14 2123 0 2353 2 2358
3 3547 4 2576 10 2527 13 2497 14 2065 1 1951 8 1871 6 2622 5 1728 12 2374 7 2025 2 2963 11 4498 0 5338 9 4146
4 1770 5 1953 2 4436 7 7936 14 2208 10 4372 13 3982 8 2708 0 1520 1 5057 3 7240 6 3484 11 2850 12 3608 9 4094
12 13617 5 3010 0 1905 7 1912 6 1860 10 1941 14 2157 2 2337 8 2541 9 2401 4 2524 11 2513 13 2346 3 2541 1 2384
14 2369 3 2305 7 2416 10 3335 13 2627 5 7958 0 15379 1 2344 6 2351 9 2518 11 2436 8 2349 12 2634 2 2559 4 2282
13 2234 4 2249 9 2248 6 2223 10 2131 7 2260 1 2159 3 2288 5 2445 14 2278 0 2173 12 2262 11 2278 8 1791 2 1426
6 1013 5 862 13 373 7 426 0 418 9 420 8 417 12 389 1 349 2 377 11 383 14 367 4 351 10 360 3 350
2 369 0 371 10 361 11 364 4 386 14 379 13 379 1 382 3 372 12 368 9 385 7 368 8 379 5 364 6 366
3 364 12 354 9 366 4 368 7 370 13 366 6 367 1 400 5 374 10 361 8 366 0 366 14 363 2 368 11 367
12 366 9 370 4 391 10 370 1 365 14 360 5 372 8 362 11 360 0 361 7 365 13 362 2 364 6 376 3 369
10 360 3 364 5 364 1 365 2 361 0 362 9 366 6 347 8 368 11 390 7 390 14 368 4 362 13 366 12 393
3 392 10 388 13 424 7 380 2 360 5 377 8 393 1 375 9 361 12 360 6 361 14 367 0 360 4 370 11 360
6 361 10 365 8 357 9 362 0 360 11 361 5 364 12 364 2 383 3 408 7 403 1 412 13 403 14 377 4 363
6 393 7 401 2 357 5 363 12 360 10 367 8 358 14 363 4 358 1 370 9 387 3 379 13 392 0 386 11 384
10 379 0 397 14 389 12 394 13 390 11 386 7 404 6 408 4 419 3 421 5 407 2 404 8 399 1 397 9 401
7 402 0 384 13 422 11 402 12 380 8 260336 9 421 1 393 3 388 14 398 2 396 4 376 5 388 10 419 6 370
1 417 4 426 0 410 3 407 14 408 12 401 6 410 10 415 9 412 8 38136 2 1668 13 1309 5 1206 11 1857 7 1408
11 1763 0 3698 6 1542 1 2842 14 2248 12 2044 2 3014 4 1496 3 1534 8 1534 9 1774 7 1730 10 1942 13 1616 5 1848
3 1516 5 1730 2 1739 11 1982 0 2034 13 2237 7 1529 1 1482 12 5255 10 1766 14 1801 8 1371 9 1641 6 2341 4 4553
12 3616 5 1421 1 1241 13 1387 2 1324 7 1234 11 1253 10 1318 8 1406 4 1128 14 1454 0 1354 3 1512 9 1468 6 1491
7 1825 1 1589 13 1398 9 2009 5 2140 12 2131 4 1785 11 1344 2 1577 14 1756 10 1659 6 1507 3 1398 8 1312 0 1367
8 3787 14 1697 9 1746 4 1304 2 1283 6 1661 13 2021 10 1739 7 1822 12 2020 11 1784 0 1608 3 3398 1 3382 5 2054
3 2225 4 2584 9 2341 13 1143 5 1258 8 1095 11 1146 6 1304 1 1152 7 1519 2 1879 10 1627 0 1870 14 2203 12 1888
10 1557 1 1400 0 1374 12 1221 9 1374 14 937 7 2038 3 1511 6 1233 13 1282 5 1196 2 1251 11 1354 4 1268 8 1405
11 1684 3 1270 2 1170 8 1138 9 1203 13 1209 1 1221 6 1152 10 1206 5 1216 0 1203 12 1240 4 1408 7 1232 14 1129
10 2095 8 1472 11 1126 13 1147 14 1131 12 1174 2 3111 3 3421 0 1796 7 1736 5 1707 1 1873 4 1736 9 1348 6 1445
8 1556 6 1395 7 1680 1 2076 9 1281 13 1107 0 2069 4 2078 2 1619 14 1165 10 2350 5 1839 12 2108 3 3557 11 1784
