50 15
7 1178 4 1522 9 1948 13 1209 1 1255 14 954 11 2148 3 1212 10 1922 5 2621 12 1749 8 1741 6 1453 0 1627 2 1736
4 1199 7 1301 5 1009 1 7056 10 1744 2 2127 13 2155 14 2646 3 2136 0 1937 9 1449 8 1124 6 1412 12 1489 11 1840
1 1772 5 1282 0 1226 10 2270 7 1713 8 2000 12 1798 6 1529 14 1392 4 1022 3 1224 9 925 11 1537 2 1068 13 1024
8 1439 10 1143 1 1034 0 1315 11 1225 5 967 12 2379 9 1348 7 1912 4 3541 2 1363 13 1127 14 1439 3 1905 6 1743
3 1981 7 1329 12 1856 9 4787 1 3492 14 3534 6 1606 8 3332 5 2514 4 3630 10 1872 11 2648 2 3156 13 2664 0 1767
6 3243 1 5680 5 4279 7 2964 11 3350 0 4992 4 2725 8 2470 2 1410 10 1191 3 1212 9 1445 12 1417 13 1735 14 1820
0 1903 7 1773 4 1951 5 1867 11 1829 9 1745 12 1695 13 1763 2 2172 3 3199 14 2690 10 2460 6 1863 1 1541 8 1463
0 1251 8 1117 4 1274 5 1581 3 1404 6 1164 13 1163 11 1110 12 1109 7 1640 2 1749 10 1656 1 1581 9 1570 14 1556
7 2200 9 1596 0 1555 4 2564 12 1943 1 1070 5 1509 6 1583 10 1547 3 2073 8 4370 11 4307 2 4162 13 2094 14 2265
10 2891 6 2414 3 1638 9 1522 5 1746 0 1153 14 1761 1 1840 4 1127 13 783 8 1306 12 2326 2 8272 7 5231 11 1258
10 1421 4 1341 11 1063 12 1840 3 1769 13 1386 5 1827 0 1396 6 1611 14 2180 7 1238 9 860 8 2738 1 1086 2 924
9 1055 7 1028 8 927 10 837 5 852 4 1016 0 836 12 946 6 861 11 1054 13 817 2 902 3 1497 1 917 14 922
9 2510 6 904 0 1084 14 860 1 1885 10 1374 7 1182 11 1349 2 1629 5 1490 12 1162 8 1511 3 1489 13 1246 4 1167
0 1463 1 1552 9 2310 7 1815 3 1209 8 1524 10 2003 13 2589 6 2601 12 9526 4 6898 11 1770 5 2752 2 2351 14 1571
10 1057 1 1369 3 2002 9 1278 14 1229 0 1364 6 2157 13 1317 2 1333 12 1904 7 2804 11 1865 8 2681 4 2650 5 2476
10 2253 11 718 3 830 9 1961 1 1796 8 1358 7 930 0 1338 2 1250 5 1260 12 1246 14 1342 4 1399 6 2062 13 1245
10 1299 3 1230 7 1344 14 2053 8 1269 12 1235 2 1261 5 1278 13 1260 11 1418 9 1197 1 1363 6 1573 0 1539 4 1210
