50 15
12 352 13 375 5 370 0 356 10 366 14 359 4 360 2 441 6 440 9 415 11 361 8 364 7 356 1 361 3 353
9 357 3 351 5 348 7 375 4 368 6 355 0 362 8 355 1 354 11 358 12 349 10 377 13 358 14 357 2 350
12 358 11 380 3 350 9 373 0 380 2 346 7 364 4 361 5 355 6 361 13 361 8 216893 1 355 14 359 10 145
9 999 10 555 3 553 2 543 0 566 6 511 13 520 11 504 7 452 8 386 4 354 12 362 1 358 5 361 14 368
8 344 13 380 1 357 3 382 12 370 11 357 7 361 6 376 14 363 2 379 10 367 4 359 5 374 0 360 9 386
10 428 12 369 8 365 1 359 3 352 5 374 0 369 2 359 4 364 6 362 11 353 9 362 13 361 7 361 14 349
14 354 6 342 9 361 0 371 3 370 8 406 12 543 2 509 7 476 10 431 4 1777 11 516 13 503 1 496 5 479
9 463 11 457 2 435 0 422 1 431 4 357 8 364 12 357 13 361 10 368 7 344 6 352 3 350 5 352 14 347
6 359 13 367 14 340 1 350 3 368 7 352 0 367 9 350 8 354 11 406 12 561 5 523 4 512 10 467 2 407
13 1212 8 502 14 507 1 509 5 490 3 464 2 486 7 479 6 430 0 427 10 420 12 145 4 986 11 517 9 518
1 529 12 498 13 496 0 486 14 299061 3 7276 11 2431 10 2006 4 4134 8 5784 5 2416 6 832 9 3159 7 2023 2 4329
6 1980 7 2179 11 15208 12 2498 13 2028 1 1845 3 1895 14 1936 9 19274 0 2035 2 18890 4 1922 10 1885 8 2007 5 1919
1 1929 0 1880 12 1828 11 2548 14 1775 8 3409 9 2609 2 2498 10 2441 4 5931 13 4396 5 2939 6 2681 3 1857 7 2397
6 3040 3 2679 13 2457 12 2011 7 2151 1 2525 14 4238 0 2968 4 3176 10 3136 11 3346 8 3404 5 2921 9 4203 2 2712
4 3334 8 3383 14 3592 9 3940 11 4180 12 3590 2 3410 0 4354 3 3233 5 3361 6 3043 1 3176 10 3766 13 3276 7 3314
10 2854 6 5390 14 3090 11 5226 4 3010 8 3907 5 3899 12 4895 3 3854 1 4899 7 4025 2 4112 0 4502 9 3623 13 4290
8 3182 13 2741 14 1994 2 4730 7 3068 6 2086 10 4399 1 3422 3 3963 9 4538 5 3644 11 2489 0 3856 12 3138 4 2408
1 4161 11 3652 2 5113 9 3817 13 3120 5 1645 3 3139 8 2201 7 3320 12 3011 14 3801 6 4237 4 5295 10 4597 0 1834
10 2808 8 2687 12 3340 3 3353 13 4009 14 3646 4 3470 11 4545 9 2014 0 5806 6 5526 1 5251 5 3427 7 5888 2 3391
5 5422 9 2471 13 1421 7 1525 11 3110 0 1403 2 2771 6 1952 3 1928 14 3346 10 2458 12 3413 4 3109 8 2840 1 3884
3 1321 13 2789 1 3324 2 2718 5 2729 7 1935 8 2174 14 1649 4 2113 12 1982 10 3185 6 4247 9 3543 11 3168 0 2338
1 2612 0 2368 14 2263 7 2407 3 2053 10 2655 8 2049 6 1844 11 1318 2 1375 12 1466 5 1287 9 2436 13 1339 4 1352
3 1401 0 1392 5 1350 8 4288 14 4397 12 4044 7 4199 2 2383 10 1599 13 1884 6 3155 9 1540 4 1435 11 1248 1 1352
0 2118 11 954 4 1148 13 2498 5 1353 12 1126 8 1187 2 1017 14 1294 1 1610 10 1630 9 1456 3 2988 6 2431 7 1415
0 1504 8 1899 7 1603 10 1625 12 1931 4 1907 13 2360 11 2708 9 1950 1 2345 5 2222 3 1707 14 1646 6 1398 2 1374
8 1445 3 1874 9 1845 10 2008 13 1832 2 1623 0 2298 11 2331 6 3194 7 2326 5 2148 14 1558 1 1642 4 1428 12 1668
13 1282 0 1084 7 1696 2 2570 12 1424 8 3226 6 2738 14 1722 9 1385 1 2692 11 1923 3 1831 10 1926 4 1864 5 2010
6 2004 3 2541 5 1088 0 1073 4 1759 11 1365 9 3777 10 2931 2 1825 1 1700 14 1683 12 2167 7 2069 8 1944 13 2538
8 3316 10 4058 14 1785 11 3629 3 4316 7 2884 13 2379 5 2839 9 3604 12 2683 2 1932 0 1523 6 1653 4 1302 1 1152
0 1959 2 1849 9 1889 12 1801 13 2050 8 1888 4 2548 10 1764 7 1748 1 4102 6 1750 3 1971 11 2544 5 2030 14 2029
1 2305 6 2115 3 2225 12 2011 8 1841 0 1875 10 2107 2 2177 13 1894 9 1775 5 1840 7 1776 11 1776 14 1760 4 1211
1 1237 9 1369 13 1346 0 1138 11 1113 2 1090 3 1655 10 811 7 2513 5 1372 12 1399 8 1297 14 4265 4 5647 6 3774
6 1336 12 2673 13 1679 1 1591 0 1329 9 1499 11 1958 3 1387 10 1390 7 2388 8 1262 4 1171 2 1835 14 1255 5 1075
10 1324 0 1166 12 1101 8 1414 5 1323 4 1455 9 2617 3 3090 11 1786 14 1921 1 1821 6 1906 2 2193 13 1893 7 1580
4 2478 3 2371 10 2509 0 2311 6 3089 5 1689 12 1089 8 1216 1 1025 7 1080 11 1179 13 1301 2 1422 14 1462 9 1400
10 1975 9 1307 4 1029 2 1363 0 624 14 883 1 1513 8 1224 6 1320 7 1081 13 2862 5 2699 3 2115 11 2712 12 2136
0 2146 7 1312 4 1255 2 1466 5 1134 10 944 11 1712 12 1113 6 1044 14 1131 3 1543 13 922 9 631 8 1089 1 1217
10 2977 11 1209 2 1218 14 1394 0 1328 3 2191 6 2834 7 1493 9 2307 1 7467 8 1738 12 725 4 4570 5 2569 13 3190
12 2646 2 4657 4 5955 9 2077 5 1341 7 1729 0 2988 13 2160 6 2502 8 2840 14 2841 1 3147 3 1878 11 1860 10 1804
1 2592 8 2002 12 2161 0 1993 11 4613 4 3287 6 4060 7 1571 2 1746 5 1424 14 1413 3 2471 13 1568 9 1445 10 2278
12 1418 0 2150 9 2235 13 1340 3 1730 5 1247 14 1505 10 1267 1 1231 11 1274 6 1367 8 1266 7 1278 4 1316 2 1896
7 2200 8 1319 0 1207 6 1327 10 2250 12 1458 4 4985 14 4559 2 3406 11 2523 9 1945 3 1701 13 2497 1 1931 5 1605
11 2009 6 1542 7 1336 0 3095 9 2548 10 1489 2 1809 5 1332 14 1036 12 1148 8 1228 13 1053 3 1405 1 1503 4 1832
9 3175 6 3548 10 3447 8 2208 1 3592 3 3092 5 3368 12 3135 4 3578 7 1468 0 6068 13 1704 11 4597 2 2372 14 1734
2 1323 12 1333 8 1476 7 1297 10 1709 5 1335 1 1541 9 1575 13 1075 6 1746 0 1342 4 1148 14 1113 3 1096 11 925
9 1351 3 1092 2 645 7 996 12 1520 14 1275 11 1454 4 1335 6 1188 1 1170 8 1108 10 1234 13 1890 5 1327 0 1352
0 2105 13 1950 11 1161 6 1554 14 4679 4 2953 1 1252 7 1711 9 2162 12 4368 10 2718 8 1388 2 1491 3 975 5 1175
1 1217 2 3109 6 3780 7 3157 5 2180 10 665 14 3236 4 4171 3 2731 0 3516 12 2863 11 2261 8 2347 13 326 9 915
6 2663 8 1168 13 2061 3 2878 2 2182 1 1942 12 1690 5 1260 7 1453 0 2072 4 1255 11 1228 10 1701 9 1315 14 1470
4 6513 13 3331 14 2083 7 2178 11 2221 5 3716 6 1340 10 1353 0 1746 3 1629 2 1254 9 1133 12 819 1 1029 8 820
