50 15
7 6740 1 5767 4 6370 10 5199 5 5047 11 6337 9 5462 8 4986 12 6797 2 6081 14 4325 3 2864 0 7646 13 6961 6 5608
14 8720 10 5184 6 4403 12 3998 8 3818 1 4355 13 4677 7 3740 11 3343 4 5070 0 5654 2 5179 3 5446 9 7520 5 7344
11 5501 3 4705 6 3431 7 3420 14 3304 8 3013 12 3157 5 3092 4 2930 9 3474 1 3627 10 3423 0 3842 2 3545 13 3129
13 3257 7 3141 8 2454 1 7015 10 3053 5 2377 6 3305 11 2605 2 2242 0 2429 12 2413 3 2749 9 2553 4 1737 14 1777
4 1942 3 1804 1 1670 9 2316 0 2287 10 2215 2 2305 12 2184 6 2216 8 2179 14 2280 7 2283 13 2985 5 2694 11 2124
2 2394 0 2186 4 2197 14 4275 3 3939 6 2896 1 2745 8 2282 13 2714 11 2707 5 2572 7 2439 9 2591 10 2516 12 3023
7 2668 4 3083 8 2243 2 2798 6 2179 10 2032 1 1755 3 1715 13 1432 5 2001 12 1538 0 1877 11 3112 14 3341 9 1493
8 2159 12 2748 14 1881 0 2576 10 2967 13 2598 4 3520 3 2887 2 2541 1 3537 6 2678 11 3214 5 3389 7 3015 9 2851
13 3305 5 1828 11 3155 6 2349 10 1983 14 2482 4 3168 1 5749 9 2579 2 4462 7 3442 3 3324 0 3818 12 4975 8 1501
12 5779 10 4417 3 4353 7 6901 11 5616 6 7945 5 9080 9 9577 0 3831 8 3529 2 6469 13 4816 1 3642 14 4958 4 4772
11 2929 2 5817 9 4574 6 2929 5 5280 0 3302 8 7744 1 3048 13 2706 14 3962 3 2334 7 2720 10 4381 12 2775 4 4565
4 7856 10 3151 1 2992 14 6985 8 4541 2 3663 12 4659 7 3665 11 4547 9 4736 3 3839 13 1856 6 2173 0 2689 5 2238
1 6878 10 3035 7 3717 2 3405 14 4155 12 3241 0 4300 4 3129 11 3449 8 3344 5 3437 3 3676 13 4317 9 3652 6 3086
12 3824 11 3099 9 3312 2 2723 6 2492 8 2872 10 3437 0 2830 7 2518 1 2471 13 2567 5 2610 4 2561 3 2520 14 2401
13 2545 2 2410 11 2434 14 2499 10 2361 9 2453 12 3246 1 2813 3 2027 4 2000 5 2148 8 2085 7 3715 6 5064 0 3417
6 3186 8 2957 5 2534 1 2896 11 2279 12 3920 2 3103 13 2323 9 1951 10 3157 0 1972 3 2544 7 2984 14 2081 4 1390
5 2335 9 2175 11 1319 13 2410 10 2070 8 1472 6 3097 4 2929 14 2479 2 2280 7 2023 1 1226 0 2122 3 1519 12 2372
9 2369 5 2879 13 2135 10 3594 7 2499 14 4290 0 2249 4 3394 1 1949 6 3468 8 2262 12 2402 11 3870 2 2464 3 1597
14 2657 3 3405 4 1200 11 1012 0 770 12 670 6 1311 8 1196 2 855 13 1321 9 3700 10 1314 1 1135 7 1209 5 1487
2 3505 8 1237 14 4752 6 2425 11 1915 0 1893 9 2948 1 1347 5 2261 10 1153 12 2565 7 1942 3 2181 4 1348 13 2628
14 3105 12 2035 3 1610 13 4167 9 1425 1 1542 4 3370 6 2007 7 2511 11 2776 8 2419 2 4329 10 2717 5 3862 0 3431
9 3408 6 5628 8 2847 3 2217 10 2984 11 4727 7 2728 5 4228 4 2532 2 2425 1 4361 14 3380 13 3100 0 2850 12 5305
3 2689 10 2852 2 2708 1 2872 11 3335 6 2917 5 4688 7 2440 9 2393 13 3243 14 2869 12 1114 0 781 8 1326 4 1010
7 2391 4 1842 8 2362 3 1666 1 1216 6 1201 13 1913 12 1751 0 1118 11 1911 10 1644 5 1654 9 1923 2 2105 14 2094
5 2650 13 1900 2 1661 0 1747 14 1718 12 1783 4 3746 7 3638 9 2898 3 2797 8 2412 11 2506 10 3615 1 2540 6 2140
3 2151 12 1940 10 1263 14 3121 1 2085 7 1174 9 3180 5 5836 6 1988 2 1547 4 2500 13 2302 0 1460 8 1306 11 6888
11 7803 14 6231 4 5006 2 2278 8 2730 1 1261 7 3440 12 1898 5 1533 6 3961 0 2677 13 2233 3 4212 9 1986 10 1974
0 1979 2 1792 14 1841 12 1781 7 1744 11 1756 5 1950 8 1945 3 1942 13 2072 10 3727 1 2250 4 2455 6 1977 9 1787
3 1616 0 4309 11 1683 6 1872 13 1763 2 4360 5 1357 7 1250 10 2348 12 2682 9 1927 1 1449 4 2116 8 1491 14 1663
6 2293 3 1326 5 669 0 1172 8 2868 2 2027 4 1750 13 1415 7 1872 10 3833 11 2378 9 1955 14 1849 1 1376 12 1385
12 2035 14 1946 0 1425 13 2540 3 3800 7 1665 11 2754 9 3555 10 2838 2 3478 5 3518 4 6397 6 2770 8 1517 1 1680
10 1705 4 1736 0 1444 6 1918 5 1680 13 1861 11 2209 3 1997 14 2197 1 2037 9 2056 8 1708 12 1781 7 2088 2 2127
7 2828 10 2709 6 2001 3 1898 2 2236 5 1919 8 1643 14 1601 0 1946 13 1843 4 1516 1 1435 9 1533 12 1439 11 1407
12 1509 8 1410 11 1437 14 1408 3 1419 7 1387 10 1383 9 1513 1 1400 4 2491 2 2088 6 1381 0 1449 13 1409 5 1401
14 4024 9 4565 0 3800 5 1711 13 1460 2 1592 7 1726 1 1583 3 1649 11 2530 6 1806 12 1594 10 1863 8 2222 4 1269
11 1700 10 1372 13 1461 3 1759 2 1972 9 1823 0 2077 12 1753 5 1736 7 1874 6 2018 1 2013 4 2076 8 1935 14 2239
8 2324 12 2454 9 2079 3 3097 2 3184 4 2503 6 2786 7 2798 13 2439 1 1996 14 1865 5 1880 0 2029 10 2087 11 1989
5 2079 4 2004 14 1987 8 1996 3 2649 0 1975 11 1992 1 1725 2 1964 10 2018 7 1889 13 1816 9 1679 12 1851 6 1963
7 1698 5 1726 14 2061 12 2193 1 2256 4 1922 8 2095 10 3083 11 2924 9 3005 13 2136 2 1768 3 2580 0 2911 6 2127
1 1948 14 2054 2 2378 8 4432 5 2096 4 2173 13 1323 12 1415 6 1419 11 1583 10 1300 7 1750 3 1918 0 1430 9 1263
12 2671 5 3838 10 2568 4 3578 6 2804 2 3256 8 2336 14 1920 3 1456 0 1612 13 1665 7 1417 9 1431 11 1529 1 1485
4 1487 8 1603 10 1436 12 2467 11 1560 2 1603 6 1477 13 1622 3 1975 5 2613 0 1742 7 2121 9 1586 14 1512 1 1568
14 1487 11 1536 5 1957 4 1978 12 1625 6 1451 3 1437 0 1416 7 1422 9 1464 10 1467 13 1557 2 1542 8 1491 1 1505
2 1529 12 1464 4 1403 8 1597 9 1443 7 1413 3 665 6 712 14 685 13 370 0 373 5 396 1 392 11 409 10 360
10 379 2 362 6 378 9 383 7 361 14 368 12 357 3 367 11 349 0 365 13 361 5 355 1 361 4 372 8 389
8 399 6 363 3 343 10 349 14 357 13 376 1 421 11 429 5 427 0 378 12 360 9 378 2 379 7 373 4 352
10 350 6 371 13 345 14 356 0 349 11 348 9 358 5 359 12 353 3 354 1 356 2 336 4 372 8 374 7 347
12 377 13 372 1 350 8 389 7 351 5 341 4 353 11 372 6 352 10 354 14 354 3 376 0 354 2 396 9 353
4 359 9 358 0 362 14 361 2 357 8 363 13 360 1 368 11 362 3 360 12 360 7 372 10 358 5 394 6 397
14 364 2 366 5 356 12 625 9 524 8 512 7 512 11 495 13 486 1 494 3 470 10 457 0 370 4 356 6 366
